===== DECODER IMAGE INFORMATION =====
width=512
height=512
block_count=4096
selected_block_index=0
selected_block_top_left=(y=0, x=0)

===== DECODER HEADER =====
valid_payload_bits=273905

===== DECODER DECODED VALUE / EOB TOKENS =====
token[00]=VALUE(-13) category=4 bits=0:7
token[01]=VALUE(4) category=3 bits=7:13
token[02]=VALUE(-1) category=1 bits=13:17
token[03]=VALUE(0) category=0 bits=17:19
token[04]=VALUE(-2) category=2 bits=19:24
token[05]=VALUE(-2) category=2 bits=24:29
token[06]=VALUE(-1) category=1 bits=29:33
token[07]=VALUE(3) category=2 bits=33:38
token[08]=VALUE(-2) category=2 bits=38:43
token[09]=VALUE(1) category=1 bits=43:47
token[10]=VALUE(0) category=0 bits=47:49
token[11]=VALUE(1) category=1 bits=49:53
token[12]=VALUE(1) category=1 bits=53:57
token[13]=VALUE(3) category=2 bits=57:62
token[14]=VALUE(0) category=0 bits=62:64
token[15]=VALUE(0) category=0 bits=64:66
token[16]=VALUE(1) category=1 bits=66:70
token[17]=VALUE(1) category=1 bits=70:74
token[18]=EOB                    bits=74:83 prefix=111111111

===== DECODER DECODED ZIGZAG COEFFICIENTS =====
[-13,   4,  -1,   0,  -2,  -2,  -1,   3,  -2,   1,   0,   1,   1,   3,   0,   0,   1,   1,   0,   0,   0,   0,   0,   0,   0,   0,   0,   0,
   0,   0,   0,   0,   0,   0,   0,   0,   0,   0,   0,   0,   0,   0,   0,   0,   0,   0,   0,   0,   0,   0,   0,   0,   0,   0,   0,   0,
   0,   0,   0,   0,   0,   0,   0,   0]

===== DECODER INVERSE ZIGZAG QUANTIZED COEFFICIENTS =====
[[-13,   4,  -2,  -1,   0,   0,   0,   0],
 [ -1,  -2,   3,   3,   1,   0,   0,   0],
 [  0,  -2,   1,   1,   0,   0,   0,   0],
 [  1,   1,   0,   0,   0,   0,   0,   0],
 [  0,   0,   0,   0,   0,   0,   0,   0],
 [  0,   0,   0,   0,   0,   0,   0,   0],
 [  0,   0,   0,   0,   0,   0,   0,   0],
 [  0,   0,   0,   0,   0,   0,   0,   0]]

===== DECODER DEQUANTIZED DCT COEFFICIENTS =====
[[-416.,   88.,  -40.,  -32.,    0.,    0.,    0.,    0.],
 [ -24.,  -48.,   84.,  114.,   52.,    0.,    0.,    0.],
 [   0.,  -52.,   32.,   48.,    0.,    0.,    0.,    0.],
 [  28.,   34.,    0.,    0.,    0.,    0.,    0.,    0.],
 [   0.,    0.,    0.,    0.,    0.,    0.,    0.,    0.],
 [   0.,    0.,    0.,    0.,    0.,    0.,    0.,    0.],
 [   0.,    0.,    0.,    0.,    0.,    0.,    0.,    0.],
 [   0.,    0.,    0.,    0.,    0.,    0.,    0.,    0.]]

===== DECODER AFTER COLUMN-WISE 1D IDCT =====
[[-147.2071,   -2.3120,   41.8329,   66.7642,   25.5004,    0.0000,    0.0000,    0.0000],
 [-159.7871,   -2.1089,   26.9025,   45.2645,   21.6182,    0.0000,    0.0000,    0.0000],
 [-167.4760,   11.0554,    3.0689,   11.1694,   14.4448,    0.0000,    0.0000,    0.0000],
 [-157.1973,   41.0067,  -20.7304,  -22.3667,    5.0723,    0.0000,    0.0000,    0.0000],
 [-136.9591,   69.2604,  -37.1180,  -44.6070,   -5.0723,    0.0000,    0.0000,    0.0000],
 [-126.6804,   71.0695,  -43.5990,  -52.1656,  -14.4448,    0.0000,    0.0000,    0.0000],
 [-134.3693,   44.4347,  -42.9409,  -49.5231,  -21.6182,    0.0000,    0.0000,    0.0000],
 [-146.9494,   16.4957,  -40.5530,  -45.0454,  -25.5004,    0.0000,    0.0000,    0.0000]]

===== DECODER INVERSE DCT + LEVEL SHIFT =====
[[130.9169,  67.4694,  25.5514,  46.8743,  84.4175,  92.3172,  82.4168,  77.6721],
 [109.3611,  63.7190,  35.9328,  53.9431,  79.5021,  81.4991,  74.3032,  73.7934],
 [ 85.3779,  67.7751,  60.6877,  70.4534,  74.5019,  65.5004,  60.7619,  65.2479],
 [ 75.4503,  85.8921,  96.9551,  94.0051,  73.5788,  52.2361,  47.4328,  53.8287],
 [ 76.0581, 107.4139, 129.5876, 114.0777,  75.7834,  47.3588,  41.1236,  45.2179],
 [ 71.1295, 114.6110, 141.9847, 119.6681,  76.8215,  51.3374,  45.3419,  44.7997],
 [ 54.2160, 103.2239, 132.9819, 110.7774,  74.5950,  59.7238,  56.6163,  51.8120],
 [ 37.6592,  88.5536, 119.4930,  99.8849,  71.6409,  66.1486,  66.0500,  58.9343]]

===== DECODER OUTPUT BLOCK =====
[[131,  67,  26,  47,  84,  92,  82,  78],
 [109,  64,  36,  54,  80,  81,  74,  74],
 [ 85,  68,  61,  70,  75,  66,  61,  65],
 [ 75,  86,  97,  94,  74,  52,  47,  54],
 [ 76, 107, 130, 114,  76,  47,  41,  45],
 [ 71, 115, 142, 120,  77,  51,  45,  45],
 [ 54, 103, 133, 111,  75,  60,  57,  52],
 [ 38,  89, 119, 100,  72,  66,  66,  59]]

===== DECODER SELECTED BLOCK BITS =====
start_bit=0
end_bit=83
bit_count=83

===== DECODER BIT COUNTS =====
header_bits=32
valid_payload_bits=273905
final_padding_bits=7
total_bits=273944
file_size_bytes=34243
