===== ENCODER TRACE STATUS =====
completed

===== ENCODER IMAGE INFORMATION =====
width=512
height=512
block_count=4096
selected_block_index=0
selected_block_top_left=(y=0, x=0)

===== ENCODER INPUT BLOCK =====
[[122,  76,  33,  57,  91,  80,  67,  80],
 [116,  77,  40,  61,  90,  78,  65,  78],
 [ 93,  76,  61,  73,  87,  73,  59,  68],
 [ 69,  81,  95,  92,  83,  64,  50,  58],
 [ 74, 104, 131, 108,  75,  54,  44,  53],
 [ 81, 121, 157, 120,  71,  49,  42,  53],
 [ 56, 100, 141, 114,  73,  49,  41,  63],
 [ 31,  71, 111, 104,  85,  61,  47,  71]]

===== ENCODER LEVEL-SHIFTED BLOCK =====
[[ -6.0, -52.0, -95.0, -71.0, -37.0, -48.0, -61.0, -48.0],
 [-12.0, -51.0, -88.0, -67.0, -38.0, -50.0, -63.0, -50.0],
 [-35.0, -52.0, -67.0, -55.0, -41.0, -55.0, -69.0, -60.0],
 [-59.0, -47.0, -33.0, -36.0, -45.0, -64.0, -78.0, -70.0],
 [-54.0, -24.0,   3.0, -20.0, -53.0, -74.0, -84.0, -75.0],
 [-47.0,  -7.0,  29.0,  -8.0, -57.0, -79.0, -86.0, -75.0],
 [-72.0, -28.0,  13.0, -14.0, -55.0, -79.0, -87.0, -65.0],
 [-97.0, -57.0, -17.0, -24.0, -43.0, -67.0, -81.0, -57.0]]

===== ENCODER AFTER ROW-WISE 1D DCT =====
[[-1.4779e+02,  7.9657e+00,  3.0685e+01,  4.9076e+01,  3.3234e+01, -1.1466e+01, -3.5257e+00, -1.2694e+00],
 [-1.4814e+02,  1.0239e+01,  2.4456e+01,  4.1318e+01,  3.0052e+01, -1.1092e+01, -2.8589e+00, -1.2032e+00],
 [-1.5344e+02,  1.4628e+01,  6.5328e-01,  1.8509e+01,  1.8385e+01, -8.3829e+00, -2.7060e-01, -4.0704e-01],
 [-1.5274e+02,  2.7771e+01, -2.7531e+01, -1.6153e+01,  4.2426e+00, -5.3810e+00,  3.7499e+00,  9.3590e-01],
 [-1.3470e+02,  5.9851e+01, -3.2948e+01, -4.4049e+01, -8.1317e+00, -2.3598e+00,  6.3766e+00,  1.2100e+00],
 [-1.1667e+02,  8.1355e+01, -3.4558e+01, -6.2639e+01, -1.5556e+01, -5.7152e-02,  8.9569e+00,  1.6564e+00],
 [-1.3683e+02,  5.0651e+01, -4.0788e+01, -6.5171e+01, -8.8388e+00, -4.8584e+00,  9.6238e+00,  1.0694e+00],
 [-1.5662e+02,  6.1045e+00, -5.0521e+01, -4.8768e+01,  3.5355e-01, -1.0105e+01,  8.2980e+00,  9.0063e-01]]

===== ENCODER DCT COEFFICIENTS =====
[[-4.0550e+02,  9.1417e+01, -4.6157e+01, -4.5212e+01,  1.9000e+01, -1.8987e+01,  1.0730e+01,  1.0227e+00],
 [-1.2342e+01, -3.7553e+01,  7.7257e+01,  1.1752e+02,  4.2928e+01, -5.8667e+00, -1.3807e+01, -2.6089e+00],
 [-1.0681e+01, -4.0691e+01,  2.2137e+01,  3.1832e+01,  2.0830e+01, -7.8256e+00, -2.8410e+00, -1.4263e+00],
 [ 2.7819e+01,  4.6349e+01,  8.6237e+00, -1.7254e+01, -1.0206e+01,  4.9641e+00,  1.5569e+00,  4.0755e-01],
 [-1.3000e+01, -1.9509e+01, -1.0634e+01,  2.8598e+00,  2.0000e+00, -1.7400e+00, -1.9532e-01,  2.3395e-01],
 [-3.0794e+00,  4.8942e-01, -3.7499e+00, -5.5285e+00, -1.4828e+00,  6.1051e-01,  8.4483e-01,  1.9647e-01],
 [ 3.6123e+00,  2.1371e+00, -3.4099e-01,  2.2110e+00, -1.3218e+00,  8.2305e-01, -1.3693e-01,  1.5781e-01],
 [-2.4390e+00, -6.0150e-01,  1.7796e+00,  1.9196e-02,  4.4623e-01, -3.8096e-01, -2.3393e-01, -3.0380e-01]]

===== ENCODER QUANTIZED COEFFICIENTS =====
[[-13,   4,  -2,  -1,   0,   0,   0,   0],
 [ -1,  -2,   3,   3,   1,   0,   0,   0],
 [  0,  -2,   1,   1,   0,   0,   0,   0],
 [  1,   1,   0,   0,   0,   0,   0,   0],
 [  0,   0,   0,   0,   0,   0,   0,   0],
 [  0,   0,   0,   0,   0,   0,   0,   0],
 [  0,   0,   0,   0,   0,   0,   0,   0],
 [  0,   0,   0,   0,   0,   0,   0,   0]]

===== ENCODER ZIGZAG COEFFICIENTS =====
[-13,   4,  -1,   0,  -2,  -2,  -1,   3,  -2,   1,   0,   1,   1,   3,   0,   0,   1,   1,   0,   0,   0,   0,   0,   0,   0,   0,   0,   0,
   0,   0,   0,   0,   0,   0,   0,   0,   0,   0,   0,   0,   0,   0,   0,   0,   0,   0,   0,   0,   0,   0,   0,   0,   0,   0,   0,   0,
   0,   0,   0,   0,   0,   0,   0,   0]

===== ENCODER VALUE / EOB SYMBOLS =====
token[00]=VALUE(-13)           bits=1010010 length=7
token[01]=VALUE(4)             bits=100100 length=6
token[02]=VALUE(-1)            bits=0100 length=4
token[03]=VALUE(0)             bits=00 length=2
token[04]=VALUE(-2)            bits=01101 length=5
token[05]=VALUE(-2)            bits=01101 length=5
token[06]=VALUE(-1)            bits=0100 length=4
token[07]=VALUE(3)             bits=01111 length=5
token[08]=VALUE(-2)            bits=01101 length=5
token[09]=VALUE(1)             bits=0101 length=4
token[10]=VALUE(0)             bits=00 length=2
token[11]=VALUE(1)             bits=0101 length=4
token[12]=VALUE(1)             bits=0101 length=4
token[13]=VALUE(3)             bits=01111 length=5
token[14]=VALUE(0)             bits=00 length=2
token[15]=VALUE(0)             bits=00 length=2
token[16]=VALUE(1)             bits=0101 length=4
token[17]=VALUE(1)             bits=0101 length=4
token[18]=EOB                  bits=111111111 length=9

===== ENCODER SELECTED BLOCK BITS =====
start_bit=0
end_bit=83
bit_count=83

===== ENCODER HEADER =====
valid_payload_bits=273905

===== ENCODER BIT COUNTS =====
header_bits=32
valid_payload_bits=273905
final_padding_bits=7
total_bits=273944
file_size_bytes=34243
