===== ENCODER TRACE STATUS =====
completed

===== ENCODER IMAGE INFORMATION =====
width=512
height=512
block_count=4096
selected_block_index=0
selected_block_top_left=(y=0, x=0)

===== ENCODER INPUT BLOCK =====
[[162, 162, 162, 161, 162, 157, 163, 161],
 [162, 162, 162, 161, 162, 157, 163, 161],
 [162, 162, 162, 161, 162, 157, 163, 161],
 [162, 162, 162, 161, 162, 157, 163, 161],
 [162, 162, 162, 161, 162, 157, 163, 161],
 [164, 164, 158, 155, 161, 159, 159, 160],
 [160, 160, 163, 158, 160, 162, 159, 156],
 [159, 159, 155, 157, 158, 159, 156, 157]]

===== ENCODER LEVEL-SHIFTED BLOCK =====
[[34.0, 34.0, 34.0, 33.0, 34.0, 29.0, 35.0, 33.0],
 [34.0, 34.0, 34.0, 33.0, 34.0, 29.0, 35.0, 33.0],
 [34.0, 34.0, 34.0, 33.0, 34.0, 29.0, 35.0, 33.0],
 [34.0, 34.0, 34.0, 33.0, 34.0, 29.0, 35.0, 33.0],
 [34.0, 34.0, 34.0, 33.0, 34.0, 29.0, 35.0, 33.0],
 [36.0, 36.0, 30.0, 27.0, 33.0, 31.0, 31.0, 32.0],
 [32.0, 32.0, 35.0, 30.0, 32.0, 34.0, 31.0, 28.0],
 [31.0, 31.0, 27.0, 29.0, 30.0, 31.0, 28.0, 29.0]]

===== ENCODER AFTER ROW-WISE 1D DCT =====
[[94.0452,  1.3660,  1.1481, -1.6609,  0.7071,  0.8402, -2.7716,  2.9444],
 [94.0452,  1.3660,  1.1481, -1.6609,  0.7071,  0.8402, -2.7716,  2.9444],
 [94.0452,  1.3660,  1.1481, -1.6609,  0.7071,  0.8402, -2.7716,  2.9444],
 [94.0452,  1.3660,  1.1481, -1.6609,  0.7071,  0.8402, -2.7716,  2.9444],
 [94.0452,  1.3660,  1.1481, -1.6609,  0.7071,  0.8402, -2.7716,  2.9444],
 [90.5097,  3.1772,  4.8436,  3.3323,  0.0000, -3.9328, -1.2409,  1.5279],
 [89.8026,  2.4600, -2.0719,  1.6306, -3.5355, -0.1132,  2.3890,  1.5089],
 [83.4386,  1.0193,  0.6533,  2.7782,  0.7071, -1.7215, -0.2706, -1.8108]]

===== ENCODER DCT COEFFICIENTS =====
[[ 2.5950e+02,  4.7683e+00,  3.2404e+00, -1.9920e-01,  2.5000e-01, -5.5389e-01, -4.5894e+00,  5.6385e+00],
 [ 7.9473e+00, -7.8787e-01,  5.5473e-01, -4.9323e+00,  1.9602e+00,  2.9784e+00, -3.7971e+00,  3.3222e+00],
 [-5.0349e+00, -2.9740e-01, -1.5518e+00,  1.7250e+00, -6.7650e-01, -4.5250e-01,  1.8499e+00, -2.2002e+00],
 [ 2.2619e+00,  1.1390e+00,  1.7039e+00,  9.2422e-01, -7.6061e-01, -1.3686e+00,  2.1428e-01,  1.1422e+00],
 [-1.0000e+00, -1.1497e+00, -3.4306e-01, -1.3596e+00,  1.7500e+00,  1.1189e+00, -1.4815e+00, -6.7289e-01],
 [ 1.2107e+00,  4.5612e-01, -1.8021e+00, -1.0606e-01, -2.0116e+00,  7.0966e-01,  1.6866e+00,  7.5515e-01],
 [-1.7028e+00,  2.6495e-01,  3.0999e+00,  1.6355e+00,  1.6332e+00, -2.2546e+00, -1.1982e+00, -9.0111e-01],
 [ 1.3259e+00, -4.1525e-01, -2.3826e+00, -1.5945e+00, -8.8457e-01,  1.9693e+00,  5.5319e-01,  6.5399e-01]]

===== ENCODER QUANTIZED COEFFICIENTS =====
[[16,  0,  0,  0,  0,  0,  0,  0],
 [ 1,  0,  0,  0,  0,  0,  0,  0],
 [ 0,  0,  0,  0,  0,  0,  0,  0],
 [ 0,  0,  0,  0,  0,  0,  0,  0],
 [ 0,  0,  0,  0,  0,  0,  0,  0],
 [ 0,  0,  0,  0,  0,  0,  0,  0],
 [ 0,  0,  0,  0,  0,  0,  0,  0],
 [ 0,  0,  0,  0,  0,  0,  0,  0]]

===== ENCODER ZIGZAG COEFFICIENTS =====
[16,  0,  1,  0,  0,  0,  0,  0,  0,  0,  0,  0,  0,  0,  0,  0,  0,  0,  0,  0,  0,  0,  0,  0,  0,  0,  0,  0,  0,  0,  0,  0,  0,  0,  0,
  0,  0,  0,  0,  0,  0,  0,  0,  0,  0,  0,  0,  0,  0,  0,  0,  0,  0,  0,  0,  0,  0,  0,  0,  0,  0,  0,  0,  0]

===== ENCODER VALUE / EOB SYMBOLS =====
token[00]=VALUE(16)            bits=11010000 length=8
token[01]=VALUE(0)             bits=00 length=2
token[02]=VALUE(1)             bits=0101 length=4
token[03]=EOB                  bits=111111111 length=9

===== ENCODER SELECTED BLOCK BITS =====
start_bit=0
end_bit=23
bit_count=23

===== ENCODER HEADER =====
valid_payload_bits=219548

===== ENCODER BIT COUNTS =====
header_bits=32
valid_payload_bits=219548
final_padding_bits=4
total_bits=219584
file_size_bytes=27448


===== DECODER IMAGE INFORMATION =====
width=512
height=512
block_count=4096
selected_block_index=0
selected_block_top_left=(y=0, x=0)

===== DECODER HEADER =====
valid_payload_bits=219548

===== DECODER DECODED VALUE / EOB TOKENS =====
token[00]=VALUE(16) category=5 bits=0:8
token[01]=VALUE(0) category=0 bits=8:10
token[02]=VALUE(1) category=1 bits=10:14
token[03]=EOB                    bits=14:23 prefix=111111111

===== DECODER DECODED ZIGZAG COEFFICIENTS =====
[16,  0,  1,  0,  0,  0,  0,  0,  0,  0,  0,  0,  0,  0,  0,  0,  0,  0,  0,  0,  0,  0,  0,  0,  0,  0,  0,  0,  0,  0,  0,  0,  0,  0,  0,
  0,  0,  0,  0,  0,  0,  0,  0,  0,  0,  0,  0,  0,  0,  0,  0,  0,  0,  0,  0,  0,  0,  0,  0,  0,  0,  0,  0,  0]

===== DECODER INVERSE ZIGZAG QUANTIZED COEFFICIENTS =====
[[16,  0,  0,  0,  0,  0,  0,  0],
 [ 1,  0,  0,  0,  0,  0,  0,  0],
 [ 0,  0,  0,  0,  0,  0,  0,  0],
 [ 0,  0,  0,  0,  0,  0,  0,  0],
 [ 0,  0,  0,  0,  0,  0,  0,  0],
 [ 0,  0,  0,  0,  0,  0,  0,  0],
 [ 0,  0,  0,  0,  0,  0,  0,  0],
 [ 0,  0,  0,  0,  0,  0,  0,  0]]

===== DECODER DEQUANTIZED DCT COEFFICIENTS =====
[[256.,   0.,   0.,   0.,   0.,   0.,   0.,   0.],
 [ 12.,   0.,   0.,   0.,   0.,   0.,   0.,   0.],
 [  0.,   0.,   0.,   0.,   0.,   0.,   0.,   0.],
 [  0.,   0.,   0.,   0.,   0.,   0.,   0.,   0.],
 [  0.,   0.,   0.,   0.,   0.,   0.,   0.,   0.],
 [  0.,   0.,   0.,   0.,   0.,   0.,   0.,   0.],
 [  0.,   0.,   0.,   0.,   0.,   0.,   0.,   0.],
 [  0.,   0.,   0.,   0.,   0.,   0.,   0.,   0.]]

===== DECODER AFTER COLUMN-WISE 1D IDCT =====
[[96.3944,  0.0000,  0.0000,  0.0000,  0.0000,  0.0000,  0.0000,  0.0000],
 [95.4985,  0.0000,  0.0000,  0.0000,  0.0000,  0.0000,  0.0000,  0.0000],
 [93.8431,  0.0000,  0.0000,  0.0000,  0.0000,  0.0000,  0.0000,  0.0000],
 [91.6802,  0.0000,  0.0000,  0.0000,  0.0000,  0.0000,  0.0000,  0.0000],
 [89.3391,  0.0000,  0.0000,  0.0000,  0.0000,  0.0000,  0.0000,  0.0000],
 [87.1762,  0.0000,  0.0000,  0.0000,  0.0000,  0.0000,  0.0000,  0.0000],
 [85.5209,  0.0000,  0.0000,  0.0000,  0.0000,  0.0000,  0.0000,  0.0000],
 [84.6250,  0.0000,  0.0000,  0.0000,  0.0000,  0.0000,  0.0000,  0.0000]]

===== DECODER INVERSE DCT + LEVEL SHIFT =====
[[162.0806, 162.0806, 162.0806, 162.0806, 162.0806, 162.0806, 162.0806, 162.0806],
 [161.7638, 161.7638, 161.7638, 161.7638, 161.7638, 161.7638, 161.7638, 161.7638],
 [161.1785, 161.1785, 161.1785, 161.1785, 161.1785, 161.1785, 161.1785, 161.1785],
 [160.4138, 160.4138, 160.4138, 160.4138, 160.4138, 160.4138, 160.4138, 160.4138],
 [159.5862, 159.5862, 159.5862, 159.5862, 159.5862, 159.5862, 159.5862, 159.5862],
 [158.8215, 158.8215, 158.8215, 158.8215, 158.8215, 158.8215, 158.8215, 158.8215],
 [158.2362, 158.2362, 158.2362, 158.2362, 158.2362, 158.2362, 158.2362, 158.2362],
 [157.9194, 157.9194, 157.9194, 157.9194, 157.9194, 157.9194, 157.9194, 157.9194]]

===== DECODER OUTPUT BLOCK =====
[[162, 162, 162, 162, 162, 162, 162, 162],
 [162, 162, 162, 162, 162, 162, 162, 162],
 [161, 161, 161, 161, 161, 161, 161, 161],
 [160, 160, 160, 160, 160, 160, 160, 160],
 [160, 160, 160, 160, 160, 160, 160, 160],
 [159, 159, 159, 159, 159, 159, 159, 159],
 [158, 158, 158, 158, 158, 158, 158, 158],
 [158, 158, 158, 158, 158, 158, 158, 158]]

===== DECODER SELECTED BLOCK BITS =====
start_bit=0
end_bit=23
bit_count=23

===== DECODER BIT COUNTS =====
header_bits=32
valid_payload_bits=219548
final_padding_bits=4
total_bits=219584
file_size_bytes=27448


===== FINAL EVALUATION =====
Original size: 512 x 512
Blocks: 4096
MSE: 17.069725
PSNR: 35.808538 dB
Valid payload bits: 219548
Header bits: 32
Final padding bits: 4
Total bits: 219584
File size: 27448 bytes
BPP: 0.837646
Raw quantized coefficient bits: 4194304
Payload / raw coefficient ratio: 0.052344